synxflow/IO/sample/debris/DEM.txt
ncols    620
nrows    80
xllcorner    0.000000
yllcorner    0.000000
cellsize    0.025000
NODATA_value    -9999
[rows 32 to 63 of 80, columns 350 to 419 of 620]
-9999 -9999 -9999 -9999 -9999 -9999 -9999 -9999 -9999 -9999 -9999 -9999 -9999 -9999 -9999 -9999 -9999 -9999 -9999 -9999 -9999 -9999 -9999 -9999 -9999 -9999 -9999 -9999 -9999 -9999 0.52274 0.52056 0.51837 0.51618 0.514 0.51181 0.50962 0.50743 0.50525 0.50306 0.50087 0.49869 0.4965 0.49431 0.49212 0.48994 0.48775 0.48556 0.48337 0.48119 0.479 0.47681 0.47463 0.47244 0.47025 0.46806 0.46588 0.46369 0.4615 0.45932 0.45713 0.45494 0.45275 0.45057 0.44838 0.44619 0.444 0.44182 0.43963 0.43744
-9999 -9999 -9999 -9999 -9999 -9999 -9999 -9999 -9999 -9999 -9999 -9999 -9999 -9999 -9999 -9999 -9999 -9999 -9999 -9999 -9999 -9999 -9999 -9999 -9999 -9999 -9999 -9999 -9999 -9999 0.52274 0.52056 0.51837 0.51618 0.514 0.51181 0.50962 0.50743 0.50525 0.50306 0.50087 0.49869 0.4965 0.49431 0.49212 0.48994 0.48775 0.48556 0.48337 0.48119 0.479 0.47681 0.47463 0.47244 0.47025 0.46806 0.46588 0.46369 0.4615 0.45932 0.45713 0.45494 0.45275 0.45057 0.44838 0.44619 0.444 0.44182 0.43963 0.43744
-9999 -9999 -9999 -9999 -9999 -9999 -9999 -9999 -9999 -9999 -9999 -9999 -9999 -9999 -9999 -9999 -9999 -9999 -9999 -9999 -9999 -9999 -9999 -9999 -9999 -9999 -9999 -9999 -9999 -9999 0.52274 0.52056 0.51837 0.51618 0.514 0.51181 0.50962 0.50743 0.50525 0.50306 0.50087 0.49869 0.4965 0.49431 0.49212 0.48994 0.48775 0.48556 0.48337 0.48119 0.479 0.47681 0.47463 0.47244 0.47025 0.46806 0.46588 0.46369 0.4615 0.45932 0.45713 0.45494 0.45275 0.45057 0.44838 0.44619 0.444 0.44182 0.43963 0.43744
-9999 -9999 -9999 -9999 -9999 -9999 -9999 -9999 -9999 -9999 -9999 -9999 -9999 -9999 -9999 -9999 -9999 -9999 -9999 -9999 -9999 -9999 -9999 -9999 -9999 -9999 -9999 -9999 -9999 -9999 0.52274 0.52056 0.51837 0.51618 0.514 0.51181 0.50962 0.50743 0.50525 0.50306 0.50087 0.49869 0.4965 0.49431 0.49212 0.48994 0.48775 0.48556 0.48337 0.48119 0.479 0.47681 0.47463 0.47244 0.47025 0.46806 0.46588 0.46369 0.4615 0.45932 0.45713 0.45494 0.45275 0.45057 0.44838 0.44619 0.444 0.44182 0.43963 0.43744
-9999 -9999 -9999 -9999 -9999 -9999 -9999 -9999 -9999 -9999 -9999 -9999 -9999 -9999 -9999 -9999 -9999 -9999 -9999 -9999 -9999 -9999 -9999 -9999 -9999 -9999 -9999 -9999 -9999 -9999 0.52274 0.52056 0.51837 0.51618 0.514 0.51181 0.50962 0.50743 0.50525 0.50306 0.50087 0.49869 0.4965 0.49431 0.49212 0.48994 0.48775 0.48556 0.48337 0.48119 0.479 0.47681 0.47463 0.47244 0.47025 0.46806 0.46588 0.46369 0.4615 0.45932 0.45713 0.45494 0.45275 0.45057 0.44838 0.44619 0.444 0.44182 0.43963 0.43744
-9999 -9999 -9999 -9999 -9999 -9999 -9999 -9999 -9999 -9999 -9999 -9999 -9999 -9999 -9999 -9999 -9999 -9999 -9999 -9999 -9999 -9999 -9999 -9999 -9999 -9999 -9999 -9999 -9999 -9999 0.52274 0.52056 0.51837 0.51618 0.514 0.51181 0.50962 0.50743 0.50525 0.50306 0.50087 0.49869 0.4965 0.49431 0.49212 0.48994 0.48775 0.48556 0.48337 0.48119 0.479 0.47681 0.47463 0.47244 0.47025 0.46806 0.46588 0.46369 0.4615 0.45932 0.45713 0.45494 0.45275 0.45057 0.44838 0.44619 0.444 0.44182 0.43963 0.43744
0.76792 0.75979 0.75167 0.74355 0.73543 0.7273 0.71918 0.71106 0.70293 0.69481 0.68669 0.67856 0.67044 0.66232 0.6542 0.64607 0.63795 0.62983 0.6217 0.61358 0.60546 0.59733 0.58921 0.58109 0.57297 0.56484 0.55672 0.5486 0.54047 0.53235 0.52274 0.52056 0.51837 0.51618 0.514 0.51181 0.50962 0.50743 0.50525 0.50306 0.50087 0.49869 0.4965 0.49431 0.49212 0.48994 0.48775 0.48556 0.48337 0.48119 0.479 0.47681 0.47463 0.47244 0.47025 0.46806 0.46588 0.46369 0.4615 0.45932 0.45713 0.45494 0.45275 0.45057 0.44838 0.44619 0.444 0.44182 0.43963 0.43744
0.76792 0.75979 0.75167 0.74355 0.73543 0.7273 0.71918 0.71106 0.70293 0.69481 0.68669 0.67856 0.67044 0.66232 0.6542 0.64607 0.63795 0.62983 0.6217 0.61358 0.60546 0.59733 0.58921 0.58109 0.57297 0.56484 0.55672 0.5486 0.54047 0.53235 0.52274 0.52056 0.51837 0.51618 0.514 0.51181 0.50962 0.50743 0.50525 0.50306 0.50087 0.49869 0.4965 0.49431 0.49212 0.48994 0.48775 0.48556 0.48337 0.48119 0.479 0.47681 0.47463 0.47244 0.47025 0.46806 0.46588 0.46369 0.4615 0.45932 0.45713 0.45494 0.45275 0.45057 0.44838 0.44619 0.444 0.44182 0.43963 0.43744
0.76792 0.75979 0.75167 0.74355 0.73543 0.7273 0.71918 0.71106 0.70293 0.69481 0.68669 0.67856 0.67044 0.66232 0.6542 0.64607 0.63795 0.62983 0.6217 0.61358 0.60546 0.59733 0.58921 0.58109 0.57297 0.56484 0.55672 0.5486 0.54047 0.53235 0.52274 0.52056 0.51837 0.51618 0.514 0.51181 0.50962 0.50743 0.50525 0.50306 0.50087 0.49869 0.4965 0.49431 0.49212 0.48994 0.48775 0.48556 0.48337 0.48119 0.479 0.47681 0.47463 0.47244 0.47025 0.46806 0.46588 0.46369 0.4615 0.45932 0.45713 0.45494 0.45275 0.45057 0.44838 0.44619 0.444 0.44182 0.43963 0.43744
0.76792 0.75979 0.75167 0.74355 0.73543 0.7273 0.71918 0.71106 0.70293 0.69481 0.68669 0.67856 0.67044 0.66232 0.6542 0.64607 0.63795 0.62983 0.6217 0.61358 0.60546 0.59733 0.58921 0.58109 0.57297 0.56484 0.55672 0.5486 0.54047 0.53235 0.52274 0.52056 0.51837 0.51618 0.514 0.51181 0.50962 0.50743 0.50525 0.50306 0.50087 0.49869 0.4965 0.49431 0.49212 0.48994 0.48775 0.48556 0.48337 0.48119 0.479 0.47681 0.47463 0.47244 0.47025 0.46806 0.46588 0.46369 0.4615 0.45932 0.45713 0.45494 0.45275 0.45057 0.44838 0.44619 0.444 0.44182 0.43963 0.43744
-9999 -9999 -9999 -9999 -9999 -9999 -9999 -9999 -9999 -9999 -9999 -9999 -9999 -9999 -9999 -9999 -9999 -9999 -9999 -9999 -9999 -9999 -9999 -9999 -9999 -9999 -9999 -9999 -9999 -9999 0.52274 0.52056 0.51837 0.51618 0.514 0.51181 0.50962 0.50743 0.50525 0.50306 0.50087 0.49869 0.4965 0.49431 0.49212 0.48994 0.48775 0.48556 0.48337 0.48119 0.479 0.47681 0.47463 0.47244 0.47025 0.46806 0.46588 0.46369 0.4615 0.45932 0.45713 0.45494 0.45275 0.45057 0.44838 0.44619 0.444 0.44182 0.43963 0.43744
-9999 -9999 -9999 -9999 -9999 -9999 -9999 -9999 -9999 -9999 -9999 -9999 -9999 -9999 -9999 -9999 -9999 -9999 -9999 -9999 -9999 -9999 -9999 -9999 -9999 -9999 -9999 -9999 -9999 -9999 0.52274 0.52056 0.51837 0.51618 0.514 0.51181 0.50962 0.50743 0.50525 0.50306 0.50087 0.49869 0.4965 0.49431 0.49212 0.48994 0.48775 0.48556 0.48337 0.48119 0.479 0.47681 0.47463 0.47244 0.47025 0.46806 0.46588 0.46369 0.4615 0.45932 0.45713 0.45494 0.45275 0.45057 0.44838 0.44619 0.444 0.44182 0.43963 0.43744
-9999 -9999 -9999 -9999 -9999 -9999 -9999 -9999 -9999 -9999 -9999 -9999 -9999 -9999 -9999 -9999 -9999 -9999 -9999 -9999 -9999 -9999 -9999 -9999 -9999 -9999 -9999 -9999 -9999 -9999 0.52274 0.52056 0.51837 0.51618 0.514 0.51181 0.50962 0.50743 0.50525 0.50306 0.50087 0.49869 0.4965 0.49431 0.49212 0.48994 0.48775 0.48556 0.48337 0.48119 0.479 0.47681 0.47463 0.47244 0.47025 0.46806 0.46588 0.46369 0.4615 0.45932 0.45713 0.45494 0.45275 0.45057 0.44838 0.44619 0.444 0.44182 0.43963 0.43744
-9999 -9999 -9999 -9999 -9999 -9999 -9999 -9999 -9999 -9999 -9999 -9999 -9999 -9999 -9999 -9999 -9999 -9999 -9999 -9999 -9999 -9999 -9999 -9999 -9999 -9999 -9999 -9999 -9999 -9999 0.52274 0.52056 0.51837 0.51618 0.514 0.51181 0.50962 0.50743 0.50525 0.50306 0.50087 0.49869 0.4965 0.49431 0.49212 0.48994 0.48775 0.48556 0.48337 0.48119 0.479 0.47681 0.47463 0.47244 0.47025 0.46806 0.46588 0.46369 0.4615 0.45932 0.45713 0.45494 0.45275 0.45057 0.44838 0.44619 0.444 0.44182 0.43963 0.43744
-9999 -9999 -9999 -9999 -9999 -9999 -9999 -9999 -9999 -9999 -9999 -9999 -9999 -9999 -9999 -9999 -9999 -9999 -9999 -9999 -9999 -9999 -9999 -9999 -9999 -9999 -9999 -9999 -9999 -9999 0.52274 0.52056 0.51837 0.51618 0.514 0.51181 0.50962 0.50743 0.50525 0.50306 0.50087 0.49869 0.4965 0.49431 0.49212 0.48994 0.48775 0.48556 0.48337 0.48119 0.479 0.47681 0.47463 0.47244 0.47025 0.46806 0.46588 0.46369 0.4615 0.45932 0.45713 0.45494 0.45275 0.45057 0.44838 0.44619 0.444 0.44182 0.43963 0.43744
-9999 -9999 -9999 -9999 -9999 -9999 -9999 -9999 -9999 -9999 -9999 -9999 -9999 -9999 -9999 -9999 -9999 -9999 -9999 -9999 -9999 -9999 -9999 -9999 -9999 -9999 -9999 -9999 -9999 -9999 0.52274 0.52056 0.51837 0.51618 0.514 0.51181 0.50962 0.50743 0.50525 0.50306 0.50087 0.49869 0.4965 0.49431 0.49212 0.48994 0.48775 0.48556 0.48337 0.48119 0.479 0.47681 0.47463 0.47244 0.47025 0.46806 0.46588 0.46369 0.4615 0.45932 0.45713 0.45494 0.45275 0.45057 0.44838 0.44619 0.444 0.44182 0.43963 0.43744
-9999 -9999 -9999 -9999 -9999 -9999 -9999 -9999 -9999 -9999 -9999 -9999 -9999 -9999 -9999 -9999 -9999 -9999 -9999 -9999 -9999 -9999 -9999 -9999 -9999 -9999 -9999 -9999 -9999 -9999 0.52274 0.52056 0.51837 0.51618 0.514 0.51181 0.50962 0.50743 0.50525 0.50306 0.50087 0.49869 0.4965 0.49431 0.49212 0.48994 0.48775 0.48556 0.48337 0.48119 0.479 0.47681 0.47463 0.47244 0.47025 0.46806 0.46588 0.46369 0.4615 0.45932 0.45713 0.45494 0.45275 0.45057 0.44838 0.44619 0.444 0.44182 0.43963 0.43744
-9999 -9999 -9999 -9999 -9999 -9999 -9999 -9999 -9999 -9999 -9999 -9999 -9999 -9999 -9999 -9999 -9999 -9999 -9999 -9999 -9999 -9999 -9999 -9999 -9999 -9999 -9999 -9999 -9999 -9999 0.52274 0.52056 0.51837 0.51618 0.514 0.51181 0.50962 0.50743 0.50525 0.50306 0.50087 0.49869 0.4965 0.49431 0.49212 0.48994 0.48775 0.48556 0.48337 0.48119 0.479 0.47681 0.47463 0.47244 0.47025 0.46806 0.46588 0.46369 0.4615 0.45932 0.45713 0.45494 0.45275 0.45057 0.44838 0.44619 0.444 0.44182 0.43963 0.43744
-9999 -9999 -9999 -9999 -9999 -9999 -9999 -9999 -9999 -9999 -9999 -9999 -9999 -9999 -9999 -9999 -9999 -9999 -9999 -9999 -9999 -9999 -9999 -9999 -9999 -9999 -9999 -9999 -9999 -9999 0.52274 0.52056 0.51837 0.51618 0.514 0.51181 0.50962 0.50743 0.50525 0.50306 0.50087 0.49869 0.4965 0.49431 0.49212 0.48994 0.48775 0.48556 0.48337 0.48119 0.479 0.47681 0.47463 0.47244 0.47025 0.46806 0.46588 0.46369 0.4615 0.45932 0.45713 0.45494 0.45275 0.45057 0.44838 0.44619 0.444 0.44182 0.43963 0.43744
-9999 -9999 -9999 -9999 -9999 -9999 -9999 -9999 -9999 -9999 -9999 -9999 -9999 -9999 -9999 -9999 -9999 -9999 -9999 -9999 -9999 -9999 -9999 -9999 -9999 -9999 -9999 -9999 -9999 -9999 0.52274 0.52056 0.51837 0.51618 0.514 0.51181 0.50962 0.50743 0.50525 0.50306 0.50087 0.49869 0.4965 0.49431 0.49212 0.48994 0.48775 0.48556 0.48337 0.48119 0.479 0.47681 0.47463 0.47244 0.47025 0.46806 0.46588 0.46369 0.4615 0.45932 0.45713 0.45494 0.45275 0.45057 0.44838 0.44619 0.444 0.44182 0.43963 0.43744
-9999 -9999 -9999 -9999 -9999 -9999 -9999 -9999 -9999 -9999 -9999 -9999 -9999 -9999 -9999 -9999 -9999 -9999 -9999 -9999 -9999 -9999 -9999 -9999 -9999 -9999 -9999 -9999 -9999 -9999 0.52274 0.52056 0.51837 0.51618 0.514 0.51181 0.50962 0.50743 0.50525 0.50306 0.50087 0.49869 0.4965 0.49431 0.49212 0.48994 0.48775 0.48556 0.48337 0.48119 0.479 0.47681 0.47463 0.47244 0.47025 0.46806 0.46588 0.46369 0.4615 0.45932 0.45713 0.45494 0.45275 0.45057 0.44838 0.44619 0.444 0.44182 0.43963 0.43744
-9999 -9999 -9999 -9999 -9999 -9999 -9999 -9999 -9999 -9999 -9999 -9999 -9999 -9999 -9999 -9999 -9999 -9999 -9999 -9999 -9999 -9999 -9999 -9999 -9999 -9999 -9999 -9999 -9999 -9999 0.52274 0.52056 0.51837 0.51618 0.514 0.51181 0.50962 0.50743 0.50525 0.50306 0.50087 0.49869 0.4965 0.49431 0.49212 0.48994 0.48775 0.48556 0.48337 0.48119 0.479 0.47681 0.47463 0.47244 0.47025 0.46806 0.46588 0.46369 0.4615 0.45932 0.45713 0.45494 0.45275 0.45057 0.44838 0.44619 0.444 0.44182 0.43963 0.43744
-9999 -9999 -9999 -9999 -9999 -9999 -9999 -9999 -9999 -9999 -9999 -9999 -9999 -9999 -9999 -9999 -9999 -9999 -9999 -9999 -9999 -9999 -9999 -9999 -9999 -9999 -9999 -9999 -9999 -9999 0.52274 0.52056 0.51837 0.51618 0.514 0.51181 0.50962 0.50743 0.50525 0.50306 0.50087 0.49869 0.4965 0.49431 0.49212 0.48994 0.48775 0.48556 0.48337 0.48119 0.479 0.47681 0.47463 0.47244 0.47025 0.46806 0.46588 0.46369 0.4615 0.45932 0.45713 0.45494 0.45275 0.45057 0.44838 0.44619 0.444 0.44182 0.43963 0.43744
-9999 -9999 -9999 -9999 -9999 -9999 -9999 -9999 -9999 -9999 -9999 -9999 -9999 -9999 -9999 -9999 -9999 -9999 -9999 -9999 -9999 -9999 -9999 -9999 -9999 -9999 -9999 -9999 -9999 -9999 0.52274 0.52056 0.51837 0.51618 0.514 0.51181 0.50962 0.50743 0.50525 0.50306 0.50087 0.49869 0.4965 0.49431 0.49212 0.48994 0.48775 0.48556 0.48337 0.48119 0.479 0.47681 0.47463 0.47244 0.47025 0.46806 0.46588 0.46369 0.4615 0.45932 0.45713 0.45494 0.45275 0.45057 0.44838 0.44619 0.444 0.44182 0.43963 0.43744
-9999 -9999 -9999 -9999 -9999 -9999 -9999 -9999 -9999 -9999 -9999 -9999 -9999 -9999 -9999 -9999 -9999 -9999 -9999 -9999 -9999 -9999 -9999 -9999 -9999 -9999 -9999 -9999 -9999 -9999 0.52274 0.52056 0.51837 0.51618 0.514 0.51181 0.50962 0.50743 0.50525 0.50306 0.50087 0.49869 0.4965 0.49431 0.49212 0.48994 0.48775 0.48556 0.48337 0.48119 0.479 0.47681 0.47463 0.47244 0.47025 0.46806 0.46588 0.46369 0.4615 0.45932 0.45713 0.45494 0.45275 0.45057 0.44838 0.44619 0.444 0.44182 0.43963 0.43744
-9999 -9999 -9999 -9999 -9999 -9999 -9999 -9999 -9999 -9999 -9999 -9999 -9999 -9999 -9999 -9999 -9999 -9999 -9999 -9999 -9999 -9999 -9999 -9999 -9999 -9999 -9999 -9999 -9999 -9999 0.52274 0.52056 0.51837 0.51618 0.514 0.51181 0.50962 0.50743 0.50525 0.50306 0.50087 0.49869 0.4965 0.49431 0.49212 0.48994 0.48775 0.48556 0.48337 0.48119 0.479 0.47681 0.47463 0.47244 0.47025 0.46806 0.46588 0.46369 0.4615 0.45932 0.45713 0.45494 0.45275 0.45057 0.44838 0.44619 0.444 0.44182 0.43963 0.43744
-9999 -9999 -9999 -9999 -9999 -9999 -9999 -9999 -9999 -9999 -9999 -9999 -9999 -9999 -9999 -9999 -9999 -9999 -9999 -9999 -9999 -9999 -9999 -9999 -9999 -9999 -9999 -9999 -9999 -9999 0.52274 0.52056 0.51837 0.51618 0.514 0.51181 0.50962 0.50743 0.50525 0.50306 0.50087 0.49869 0.4965 0.49431 0.49212 0.48994 0.48775 0.48556 0.48337 0.48119 0.479 0.47681 0.47463 0.47244 0.47025 0.46806 0.46588 0.46369 0.4615 0.45932 0.45713 0.45494 0.45275 0.45057 0.44838 0.44619 0.444 0.44182 0.43963 0.43744
-9999 -9999 -9999 -9999 -9999 -9999 -9999 -9999 -9999 -9999 -9999 -9999 -9999 -9999 -9999 -9999 -9999 -9999 -9999 -9999 -9999 -9999 -9999 -9999 -9999 -9999 -9999 -9999 -9999 -9999 0.52274 0.52056 0.51837 0.51618 0.514 0.51181 0.50962 0.50743 0.50525 0.50306 0.50087 0.49869 0.4965 0.49431 0.49212 0.48994 0.48775 0.48556 0.48337 0.48119 0.479 0.47681 0.47463 0.47244 0.47025 0.46806 0.46588 0.46369 0.4615 0.45932 0.45713 0.45494 0.45275 0.45057 0.44838 0.44619 0.444 0.44182 0.43963 0.43744
-9999 -9999 -9999 -9999 -9999 -9999 -9999 -9999 -9999 -9999 -9999 -9999 -9999 -9999 -9999 -9999 -9999 -9999 -9999 -9999 -9999 -9999 -9999 -9999 -9999 -9999 -9999 -9999 -9999 -9999 0.52274 0.52056 0.51837 0.51618 0.514 0.51181 0.50962 0.50743 0.50525 0.50306 0.50087 0.49869 0.4965 0.49431 0.49212 0.48994 0.48775 0.48556 0.48337 0.48119 0.479 0.47681 0.47463 0.47244 0.47025 0.46806 0.46588 0.46369 0.4615 0.45932 0.45713 0.45494 0.45275 0.45057 0.44838 0.44619 0.444 0.44182 0.43963 0.43744
-9999 -9999 -9999 -9999 -9999 -9999 -9999 -9999 -9999 -9999 -9999 -9999 -9999 -9999 -9999 -9999 -9999 -9999 -9999 -9999 -9999 -9999 -9999 -9999 -9999 -9999 -9999 -9999 -9999 -9999 0.52274 0.52056 0.51837 0.51618 0.514 0.51181 0.50962 0.50743 0.50525 0.50306 0.50087 0.49869 0.4965 0.49431 0.49212 0.48994 0.48775 0.48556 0.48337 0.48119 0.479 0.47681 0.47463 0.47244 0.47025 0.46806 0.46588 0.46369 0.4615 0.45932 0.45713 0.45494 0.45275 0.45057 0.44838 0.44619 0.444 0.44182 0.43963 0.43744
-9999 -9999 -9999 -9999 -9999 -9999 -9999 -9999 -9999 -9999 -9999 -9999 -9999 -9999 -9999 -9999 -9999 -9999 -9999 -9999 -9999 -9999 -9999 -9999 -9999 -9999 -9999 -9999 -9999 -9999 0.52274 0.52056 0.51837 0.51618 0.514 0.51181 0.50962 0.50743 0.50525 0.50306 0.50087 0.49869 0.4965 0.49431 0.49212 0.48994 0.48775 0.48556 0.48337 0.48119 0.479 0.47681 0.47463 0.47244 0.47025 0.46806 0.46588 0.46369 0.4615 0.45932 0.45713 0.45494 0.45275 0.45057 0.44838 0.44619 0.444 0.44182 0.43963 0.43744
-9999 -9999 -9999 -9999 -9999 -9999 -9999 -9999 -9999 -9999 -9999 -9999 -9999 -9999 -9999 -9999 -9999 -9999 -9999 -9999 -9999 -9999 -9999 -9999 -9999 -9999 -9999 -9999 -9999 -9999 0.52274 0.52056 0.51837 0.51618 0.514 0.51181 0.50962 0.50743 0.50525 0.50306 0.50087 0.49869 0.4965 0.49431 0.49212 0.48994 0.48775 0.48556 0.48337 0.48119 0.479 0.47681 0.47463 0.47244 0.47025 0.46806 0.46588 0.46369 0.4615 0.45932 0.45713 0.45494 0.45275 0.45057 0.44838 0.44619 0.444 0.44182 0.43963 0.43744
