synxflow/IO/sample/debris/DEM.txt
ncols    620
nrows    80
xllcorner    0.000000
yllcorner    0.000000
cellsize    0.025000
NODATA_value    -9999
[rows 0 to 31 of 80, columns 490 to 559 of 620]
0.28215 0.27996 0.27778 0.27559 0.2734 0.27121 0.26903 0.26684 0.26465 0.26247 0.26028 0.25809 0.2559 0.25372 0.25153 0.24934 0.24716 0.24497 0.24278 0.24059 0.23841 0.23622 0.23403 0.23184 0.22966 0.22747 0.22528 0.2231 0.22091 0.21872 0.21653 0.21435 0.21216 0.20997 0.20779 0.2056 0.20341 0.20122 0.19904 0.19685 0.19466 0.19248 0.19029 0.1881 0.18591 0.18373 0.18154 0.17935 0.17716 0.17498 0.17279 0.1706 0.16842 0.16623 0.16404 0.16185 0.15967 0.15748 0.15529 0.15311 0.15092 0.14873 0.14654 0.14436 0.14217 0.13998 0.13779 0.13561 0.13342 0.13123
0.28215 0.27996 0.27778 0.27559 0.2734 0.27121 0.26903 0.26684 0.26465 0.26247 0.26028 0.25809 0.2559 0.25372 0.25153 0.24934 0.24716 0.24497 0.24278 0.24059 0.23841 0.23622 0.23403 0.23184 0.22966 0.22747 0.22528 0.2231 0.22091 0.21872 0.21653 0.21435 0.21216 0.20997 0.20779 0.2056 0.20341 0.20122 0.19904 0.19685 0.19466 0.19248 0.19029 0.1881 0.18591 0.18373 0.18154 0.17935 0.17716 0.17498 0.17279 0.1706 0.16842 0.16623 0.16404 0.16185 0.15967 0.15748 0.15529 0.15311 0.15092 0.14873 0.14654 0.14436 0.14217 0.13998 0.13779 0.13561 0.13342 0.13123
0.28215 0.27996 0.27778 0.27559 0.2734 0.27121 0.26903 0.26684 0.26465 0.26247 0.26028 0.25809 0.2559 0.25372 0.25153 0.24934 0.24716 0.24497 0.24278 0.24059 0.23841 0.23622 0.23403 0.23184 0.22966 0.22747 0.22528 0.2231 0.22091 0.21872 0.21653 0.21435 0.21216 0.20997 0.20779 0.2056 0.20341 0.20122 0.19904 0.19685 0.19466 0.19248 0.19029 0.1881 0.18591 0.18373 0.18154 0.17935 0.17716 0.17498 0.17279 0.1706 0.16842 0.16623 0.16404 0.16185 0.15967 0.15748 0.15529 0.15311 0.15092 0.14873 0.14654 0.14436 0.14217 0.13998 0.13779 0.13561 0.13342 0.13123
0.28215 0.27996 0.27778 0.27559 0.2734 0.27121 0.26903 0.26684 0.26465 0.26247 0.26028 0.25809 0.2559 0.25372 0.25153 0.24934 0.24716 0.24497 0.24278 0.24059 0.23841 0.23622 0.23403 0.23184 0.22966 0.22747 0.22528 0.2231 0.22091 0.21872 0.21653 0.21435 0.21216 0.20997 0.20779 0.2056 0.20341 0.20122 0.19904 0.19685 0.19466 0.19248 0.19029 0.1881 0.18591 0.18373 0.18154 0.17935 0.17716 0.17498 0.17279 0.1706 0.16842 0.16623 0.16404 0.16185 0.15967 0.15748 0.15529 0.15311 0.15092 0.14873 0.14654 0.14436 0.14217 0.13998 0.13779 0.13561 0.13342 0.13123
0.28215 0.27996 0.27778 0.27559 0.2734 0.27121 0.26903 0.26684 0.26465 0.26247 0.26028 0.25809 0.2559 0.25372 0.25153 0.24934 0.24716 0.24497 0.24278 0.24059 0.23841 0.23622 0.23403 0.23184 0.22966 0.22747 0.22528 0.2231 0.22091 0.21872 0.21653 0.21435 0.21216 0.20997 0.20779 0.2056 0.20341 0.20122 0.19904 0.19685 0.19466 0.19248 0.19029 0.1881 0.18591 0.18373 0.18154 0.17935 0.17716 0.17498 0.17279 0.1706 0.16842 0.16623 0.16404 0.16185 0.15967 0.15748 0.15529 0.15311 0.15092 0.14873 0.14654 0.14436 0.14217 0.13998 0.13779 0.13561 0.13342 0.13123
0.28215 0.27996 0.27778 0.27559 0.2734 0.27121 0.26903 0.26684 0.26465 0.26247 0.26028 0.25809 0.2559 0.25372 0.25153 0.24934 0.24716 0.24497 0.24278 0.24059 0.23841 0.23622 0.23403 0.23184 0.22966 0.22747 0.22528 0.2231 0.22091 0.21872 0.21653 0.21435 0.21216 0.20997 0.20779 0.2056 0.20341 0.20122 0.19904 0.19685 0.19466 0.19248 0.19029 0.1881 0.18591 0.18373 0.18154 0.17935 0.17716 0.17498 0.17279 0.1706 0.16842 0.16623 0.16404 0.16185 0.15967 0.15748 0.15529 0.15311 0.15092 0.14873 0.14654 0.14436 0.14217 0.13998 0.13779 0.13561 0.13342 0.13123
0.28215 0.27996 0.27778 0.27559 0.2734 0.27121 0.26903 0.26684 0.26465 0.26247 0.26028 0.25809 0.2559 0.25372 0.25153 0.24934 0.24716 0.24497 0.24278 0.24059 0.23841 0.23622 0.23403 0.23184 0.22966 0.22747 0.22528 0.2231 0.22091 0.21872 0.21653 0.21435 0.21216 0.20997 0.20779 0.2056 0.20341 0.20122 0.19904 0.19685 0.19466 0.19248 0.19029 0.1881 0.18591 0.18373 0.18154 0.17935 0.17716 0.17498 0.17279 0.1706 0.16842 0.16623 0.16404 0.16185 0.15967 0.15748 0.15529 0.15311 0.15092 0.14873 0.14654 0.14436 0.14217 0.13998 0.13779 0.13561 0.13342 0.13123
0.28215 0.27996 0.27778 0.27559 0.2734 0.27121 0.26903 0.26684 0.26465 0.26247 0.26028 0.25809 0.2559 0.25372 0.25153 0.24934 0.24716 0.24497 0.24278 0.24059 0.23841 0.23622 0.23403 0.23184 0.22966 0.22747 0.22528 0.2231 0.22091 0.21872 0.21653 0.21435 0.21216 0.20997 0.20779 0.2056 0.20341 0.20122 0.19904 0.19685 0.19466 0.19248 0.19029 0.1881 0.18591 0.18373 0.18154 0.17935 0.17716 0.17498 0.17279 0.1706 0.16842 0.16623 0.16404 0.16185 0.15967 0.15748 0.15529 0.15311 0.15092 0.14873 0.14654 0.14436 0.14217 0.13998 0.13779 0.13561 0.13342 0.13123
0.28215 0.27996 0.27778 0.27559 0.2734 0.27121 0.26903 0.26684 0.26465 0.26247 0.26028 0.25809 0.2559 0.25372 0.25153 0.24934 0.24716 0.24497 0.24278 0.24059 0.23841 0.23622 0.23403 0.23184 0.22966 0.22747 0.22528 0.2231 0.22091 0.21872 0.21653 0.21435 0.21216 0.20997 0.20779 0.2056 0.20341 0.20122 0.19904 0.19685 0.19466 0.19248 0.19029 0.1881 0.18591 0.18373 0.18154 0.17935 0.17716 0.17498 0.17279 0.1706 0.16842 0.16623 0.16404 0.16185 0.15967 0.15748 0.15529 0.15311 0.15092 0.14873 0.14654 0.14436 0.14217 0.13998 0.13779 0.13561 0.13342 0.13123
0.28215 0.27996 0.27778 0.27559 0.2734 0.27121 0.26903 0.26684 0.26465 0.26247 0.26028 0.25809 0.2559 0.25372 0.25153 0.24934 0.24716 0.24497 0.24278 0.24059 0.23841 0.23622 0.23403 0.23184 0.22966 0.22747 0.22528 0.2231 0.22091 0.21872 0.21653 0.21435 0.21216 0.20997 0.20779 0.2056 0.20341 0.20122 0.19904 0.19685 0.19466 0.19248 0.19029 0.1881 0.18591 0.18373 0.18154 0.17935 0.17716 0.17498 0.17279 0.1706 0.16842 0.16623 0.16404 0.16185 0.15967 0.15748 0.15529 0.15311 0.15092 0.14873 0.14654 0.14436 0.14217 0.13998 0.13779 0.13561 0.13342 0.13123
0.28215 0.27996 0.27778 0.27559 0.2734 0.27121 0.26903 0.26684 0.26465 0.26247 0.26028 0.25809 0.2559 0.25372 0.25153 0.24934 0.24716 0.24497 0.24278 0.24059 0.23841 0.23622 0.23403 0.23184 0.22966 0.22747 0.22528 0.2231 0.22091 0.21872 0.21653 0.21435 0.21216 0.20997 0.20779 0.2056 0.20341 0.20122 0.19904 0.19685 0.19466 0.19248 0.19029 0.1881 0.18591 0.18373 0.18154 0.17935 0.17716 0.17498 0.17279 0.1706 0.16842 0.16623 0.16404 0.16185 0.15967 0.15748 0.15529 0.15311 0.15092 0.14873 0.14654 0.14436 0.14217 0.13998 0.13779 0.13561 0.13342 0.13123
0.28215 0.27996 0.27778 0.27559 0.2734 0.27121 0.26903 0.26684 0.26465 0.26247 0.26028 0.25809 0.2559 0.25372 0.25153 0.24934 0.24716 0.24497 0.24278 0.24059 0.23841 0.23622 0.23403 0.23184 0.22966 0.22747 0.22528 0.2231 0.22091 0.21872 0.21653 0.21435 0.21216 0.20997 0.20779 0.2056 0.20341 0.20122 0.19904 0.19685 0.19466 0.19248 0.19029 0.1881 0.18591 0.18373 0.18154 0.17935 0.17716 0.17498 0.17279 0.1706 0.16842 0.16623 0.16404 0.16185 0.15967 0.15748 0.15529 0.15311 0.15092 0.14873 0.14654 0.14436 0.14217 0.13998 0.13779 0.13561 0.13342 0.13123
0.28215 0.27996 0.27778 0.27559 0.2734 0.27121 0.26903 0.26684 0.26465 0.26247 0.26028 0.25809 0.2559 0.25372 0.25153 0.24934 0.24716 0.24497 0.24278 0.24059 0.23841 0.23622 0.23403 0.23184 0.22966 0.22747 0.22528 0.2231 0.22091 0.21872 0.21653 0.21435 0.21216 0.20997 0.20779 0.2056 0.20341 0.20122 0.19904 0.19685 0.19466 0.19248 0.19029 0.1881 0.18591 0.18373 0.18154 0.17935 0.17716 0.17498 0.17279 0.1706 0.16842 0.16623 0.16404 0.16185 0.15967 0.15748 0.15529 0.15311 0.15092 0.14873 0.14654 0.14436 0.14217 0.13998 0.13779 0.13561 0.13342 0.13123
0.28215 0.27996 0.27778 0.27559 0.2734 0.27121 0.26903 0.26684 0.26465 0.26247 0.26028 0.25809 0.2559 0.25372 0.25153 0.24934 0.24716 0.24497 0.24278 0.24059 0.23841 0.23622 0.23403 0.23184 0.22966 0.22747 0.22528 0.2231 0.22091 0.21872 0.21653 0.21435 0.21216 0.20997 0.20779 0.2056 0.20341 0.20122 0.19904 0.19685 0.19466 0.19248 0.19029 0.1881 0.18591 0.18373 0.18154 0.17935 0.17716 0.17498 0.17279 0.1706 0.16842 0.16623 0.16404 0.16185 0.15967 0.15748 0.15529 0.15311 0.15092 0.14873 0.14654 0.14436 0.14217 0.13998 0.13779 0.13561 0.13342 0.13123
0.28215 0.27996 0.27778 0.27559 0.2734 0.27121 0.26903 0.26684 0.26465 0.26247 0.26028 0.25809 0.2559 0.25372 0.25153 0.24934 0.24716 0.24497 0.24278 0.24059 0.23841 0.23622 0.23403 0.23184 0.22966 0.22747 0.22528 0.2231 0.22091 0.21872 0.21653 0.21435 0.21216 0.20997 0.20779 0.2056 0.20341 0.20122 0.19904 0.19685 0.19466 0.19248 0.19029 0.1881 0.18591 0.18373 0.18154 0.17935 0.17716 0.17498 0.17279 0.1706 0.16842 0.16623 0.16404 0.16185 0.15967 0.15748 0.15529 0.15311 0.15092 0.14873 0.14654 0.14436 0.14217 0.13998 0.13779 0.13561 0.13342 0.13123
0.28215 0.27996 0.27778 0.27559 0.2734 0.27121 0.26903 0.26684 0.26465 0.26247 0.26028 0.25809 0.2559 0.25372 0.25153 0.24934 0.24716 0.24497 0.24278 0.24059 0.23841 0.23622 0.23403 0.23184 0.22966 0.22747 0.22528 0.2231 0.22091 0.21872 0.21653 0.21435 0.21216 0.20997 0.20779 0.2056 0.20341 0.20122 0.19904 0.19685 0.19466 0.19248 0.19029 0.1881 0.18591 0.18373 0.18154 0.17935 0.17716 0.17498 0.17279 0.1706 0.16842 0.16623 0.16404 0.16185 0.15967 0.15748 0.15529 0.15311 0.15092 0.14873 0.14654 0.14436 0.14217 0.13998 0.13779 0.13561 0.13342 0.13123
0.28215 0.27996 0.27778 0.27559 0.2734 0.27121 0.26903 0.26684 0.26465 0.26247 0.26028 0.25809 0.2559 0.25372 0.25153 0.24934 0.24716 0.24497 0.24278 0.24059 0.23841 0.23622 0.23403 0.23184 0.22966 0.22747 0.22528 0.2231 0.22091 0.21872 0.21653 0.21435 0.21216 0.20997 0.20779 0.2056 0.20341 0.20122 0.19904 0.19685 0.19466 0.19248 0.19029 0.1881 0.18591 0.18373 0.18154 0.17935 0.17716 0.17498 0.17279 0.1706 0.16842 0.16623 0.16404 0.16185 0.15967 0.15748 0.15529 0.15311 0.15092 0.14873 0.14654 0.14436 0.14217 0.13998 0.13779 0.13561 0.13342 0.13123
0.28215 0.27996 0.27778 0.27559 0.2734 0.27121 0.26903 0.26684 0.26465 0.26247 0.26028 0.25809 0.2559 0.25372 0.25153 0.24934 0.24716 0.24497 0.24278 0.24059 0.23841 0.23622 0.23403 0.23184 0.22966 0.22747 0.22528 0.2231 0.22091 0.21872 0.21653 0.21435 0.21216 0.20997 0.20779 0.2056 0.20341 0.20122 0.19904 0.19685 0.19466 0.19248 0.19029 0.1881 0.18591 0.18373 0.18154 0.17935 0.17716 0.17498 0.17279 0.1706 0.16842 0.16623 0.16404 0.16185 0.15967 0.15748 0.15529 0.15311 0.15092 0.14873 0.14654 0.14436 0.14217 0.13998 0.13779 0.13561 0.13342 0.13123
0.28215 0.27996 0.27778 0.27559 0.2734 0.27121 0.26903 0.26684 0.26465 0.26247 0.26028 0.25809 0.2559 0.25372 0.25153 0.24934 0.24716 0.24497 0.24278 0.24059 0.23841 0.23622 0.23403 0.23184 0.22966 0.22747 0.22528 0.2231 0.22091 0.21872 0.21653 0.21435 0.21216 0.20997 0.20779 0.2056 0.20341 0.20122 0.19904 0.19685 0.19466 0.19248 0.19029 0.1881 0.18591 0.18373 0.18154 0.17935 0.17716 0.17498 0.17279 0.1706 0.16842 0.16623 0.16404 0.16185 0.15967 0.15748 0.15529 0.15311 0.15092 0.14873 0.14654 0.14436 0.14217 0.13998 0.13779 0.13561 0.13342 0.13123
0.28215 0.27996 0.27778 0.27559 0.2734 0.27121 0.26903 0.26684 0.26465 0.26247 0.26028 0.25809 0.2559 0.25372 0.25153 0.24934 0.24716 0.24497 0.24278 0.24059 0.23841 0.23622 0.23403 0.23184 0.22966 0.22747 0.22528 0.2231 0.22091 0.21872 0.21653 0.21435 0.21216 0.20997 0.20779 0.2056 0.20341 0.20122 0.19904 0.19685 0.19466 0.19248 0.19029 0.1881 0.18591 0.18373 0.18154 0.17935 0.17716 0.17498 0.17279 0.1706 0.16842 0.16623 0.16404 0.16185 0.15967 0.15748 0.15529 0.15311 0.15092 0.14873 0.14654 0.14436 0.14217 0.13998 0.13779 0.13561 0.13342 0.13123
0.28215 0.27996 0.27778 0.27559 0.2734 0.27121 0.26903 0.26684 0.26465 0.26247 0.26028 0.25809 0.2559 0.25372 0.25153 0.24934 0.24716 0.24497 0.24278 0.24059 0.23841 0.23622 0.23403 0.23184 0.22966 0.22747 0.22528 0.2231 0.22091 0.21872 0.21653 0.21435 0.21216 0.20997 0.20779 0.2056 0.20341 0.20122 0.19904 0.19685 0.19466 0.19248 0.19029 0.1881 0.18591 0.18373 0.18154 0.17935 0.17716 0.17498 0.17279 0.1706 0.16842 0.16623 0.16404 0.16185 0.15967 0.15748 0.15529 0.15311 0.15092 0.14873 0.14654 0.14436 0.14217 0.13998 0.13779 0.13561 0.13342 0.13123
0.28215 0.27996 0.27778 0.27559 0.2734 0.27121 0.26903 0.26684 0.26465 0.26247 0.26028 0.25809 0.2559 0.25372 0.25153 0.24934 0.24716 0.24497 0.24278 0.24059 0.23841 0.23622 0.23403 0.23184 0.22966 0.22747 0.22528 0.2231 0.22091 0.21872 0.21653 0.21435 0.21216 0.20997 0.20779 0.2056 0.20341 0.20122 0.19904 0.19685 0.19466 0.19248 0.19029 0.1881 0.18591 0.18373 0.18154 0.17935 0.17716 0.17498 0.17279 0.1706 0.16842 0.16623 0.16404 0.16185 0.15967 0.15748 0.15529 0.15311 0.15092 0.14873 0.14654 0.14436 0.14217 0.13998 0.13779 0.13561 0.13342 0.13123
0.28215 0.27996 0.27778 0.27559 0.2734 0.27121 0.26903 0.26684 0.26465 0.26247 0.26028 0.25809 0.2559 0.25372 0.25153 0.24934 0.24716 0.24497 0.24278 0.24059 0.23841 0.23622 0.23403 0.23184 0.22966 0.22747 0.22528 0.2231 0.22091 0.21872 0.21653 0.21435 0.21216 0.20997 0.20779 0.2056 0.20341 0.20122 0.19904 0.19685 0.19466 0.19248 0.19029 0.1881 0.18591 0.18373 0.18154 0.17935 0.17716 0.17498 0.17279 0.1706 0.16842 0.16623 0.16404 0.16185 0.15967 0.15748 0.15529 0.15311 0.15092 0.14873 0.14654 0.14436 0.14217 0.13998 0.13779 0.13561 0.13342 0.13123
0.28215 0.27996 0.27778 0.27559 0.2734 0.27121 0.26903 0.26684 0.26465 0.26247 0.26028 0.25809 0.2559 0.25372 0.25153 0.24934 0.24716 0.24497 0.24278 0.24059 0.23841 0.23622 0.23403 0.23184 0.22966 0.22747 0.22528 0.2231 0.22091 0.21872 0.21653 0.21435 0.21216 0.20997 0.20779 0.2056 0.20341 0.20122 0.19904 0.19685 0.19466 0.19248 0.19029 0.1881 0.18591 0.18373 0.18154 0.17935 0.17716 0.17498 0.17279 0.1706 0.16842 0.16623 0.16404 0.16185 0.15967 0.15748 0.15529 0.15311 0.15092 0.14873 0.14654 0.14436 0.14217 0.13998 0.13779 0.13561 0.13342 0.13123
0.28215 0.27996 0.27778 0.27559 0.2734 0.27121 0.26903 0.26684 0.26465 0.26247 0.26028 0.25809 0.2559 0.25372 0.25153 0.24934 0.24716 0.24497 0.24278 0.24059 0.23841 0.23622 0.23403 0.23184 0.22966 0.22747 0.22528 0.2231 0.22091 0.21872 0.21653 0.21435 0.21216 0.20997 0.20779 0.2056 0.20341 0.20122 0.19904 0.19685 0.19466 0.19248 0.19029 0.1881 0.18591 0.18373 0.18154 0.17935 0.17716 0.17498 0.17279 0.1706 0.16842 0.16623 0.16404 0.16185 0.15967 0.15748 0.15529 0.15311 0.15092 0.14873 0.14654 0.14436 0.14217 0.13998 0.13779 0.13561 0.13342 0.13123
0.28215 0.27996 0.27778 0.27559 0.2734 0.27121 0.26903 0.26684 0.26465 0.26247 0.26028 0.25809 0.2559 0.25372 0.25153 0.24934 0.24716 0.24497 0.24278 0.24059 0.23841 0.23622 0.23403 0.23184 0.22966 0.22747 0.22528 0.2231 0.22091 0.21872 0.21653 0.21435 0.21216 0.20997 0.20779 0.2056 0.20341 0.20122 0.19904 0.19685 0.19466 0.19248 0.19029 0.1881 0.18591 0.18373 0.18154 0.17935 0.17716 0.17498 0.17279 0.1706 0.16842 0.16623 0.16404 0.16185 0.15967 0.15748 0.15529 0.15311 0.15092 0.14873 0.14654 0.14436 0.14217 0.13998 0.13779 0.13561 0.13342 0.13123
0.28215 0.27996 0.27778 0.27559 0.2734 0.27121 0.26903 0.26684 0.26465 0.26247 0.26028 0.25809 0.2559 0.25372 0.25153 0.24934 0.24716 0.24497 0.24278 0.24059 0.23841 0.23622 0.23403 0.23184 0.22966 0.22747 0.22528 0.2231 0.22091 0.21872 0.21653 0.21435 0.21216 0.20997 0.20779 0.2056 0.20341 0.20122 0.19904 0.19685 0.19466 0.19248 0.19029 0.1881 0.18591 0.18373 0.18154 0.17935 0.17716 0.17498 0.17279 0.1706 0.16842 0.16623 0.16404 0.16185 0.15967 0.15748 0.15529 0.15311 0.15092 0.14873 0.14654 0.14436 0.14217 0.13998 0.13779 0.13561 0.13342 0.13123
0.28215 0.27996 0.27778 0.27559 0.2734 0.27121 0.26903 0.26684 0.26465 0.26247 0.26028 0.25809 0.2559 0.25372 0.25153 0.24934 0.24716 0.24497 0.24278 0.24059 0.23841 0.23622 0.23403 0.23184 0.22966 0.22747 0.22528 0.2231 0.22091 0.21872 0.21653 0.21435 0.21216 0.20997 0.20779 0.2056 0.20341 0.20122 0.19904 0.19685 0.19466 0.19248 0.19029 0.1881 0.18591 0.18373 0.18154 0.17935 0.17716 0.17498 0.17279 0.1706 0.16842 0.16623 0.16404 0.16185 0.15967 0.15748 0.15529 0.15311 0.15092 0.14873 0.14654 0.14436 0.14217 0.13998 0.13779 0.13561 0.13342 0.13123
0.28215 0.27996 0.27778 0.27559 0.2734 0.27121 0.26903 0.26684 0.26465 0.26247 0.26028 0.25809 0.2559 0.25372 0.25153 0.24934 0.24716 0.24497 0.24278 0.24059 0.23841 0.23622 0.23403 0.23184 0.22966 0.22747 0.22528 0.2231 0.22091 0.21872 0.21653 0.21435 0.21216 0.20997 0.20779 0.2056 0.20341 0.20122 0.19904 0.19685 0.19466 0.19248 0.19029 0.1881 0.18591 0.18373 0.18154 0.17935 0.17716 0.17498 0.17279 0.1706 0.16842 0.16623 0.16404 0.16185 0.15967 0.15748 0.15529 0.15311 0.15092 0.14873 0.14654 0.14436 0.14217 0.13998 0.13779 0.13561 0.13342 0.13123
0.28215 0.27996 0.27778 0.27559 0.2734 0.27121 0.26903 0.26684 0.26465 0.26247 0.26028 0.25809 0.2559 0.25372 0.25153 0.24934 0.24716 0.24497 0.24278 0.24059 0.23841 0.23622 0.23403 0.23184 0.22966 0.22747 0.22528 0.2231 0.22091 0.21872 0.21653 0.21435 0.21216 0.20997 0.20779 0.2056 0.20341 0.20122 0.19904 0.19685 0.19466 0.19248 0.19029 0.1881 0.18591 0.18373 0.18154 0.17935 0.17716 0.17498 0.17279 0.1706 0.16842 0.16623 0.16404 0.16185 0.15967 0.15748 0.15529 0.15311 0.15092 0.14873 0.14654 0.14436 0.14217 0.13998 0.13779 0.13561 0.13342 0.13123
0.28215 0.27996 0.27778 0.27559 0.2734 0.27121 0.26903 0.26684 0.26465 0.26247 0.26028 0.25809 0.2559 0.25372 0.25153 0.24934 0.24716 0.24497 0.24278 0.24059 0.23841 0.23622 0.23403 0.23184 0.22966 0.22747 0.22528 0.2231 0.22091 0.21872 0.21653 0.21435 0.21216 0.20997 0.20779 0.2056 0.20341 0.20122 0.19904 0.19685 0.19466 0.19248 0.19029 0.1881 0.18591 0.18373 0.18154 0.17935 0.17716 0.17498 0.17279 0.1706 0.16842 0.16623 0.16404 0.16185 0.15967 0.15748 0.15529 0.15311 0.15092 0.14873 0.14654 0.14436 0.14217 0.13998 0.13779 0.13561 0.13342 0.13123
0.28215 0.27996 0.27778 0.27559 0.2734 0.27121 0.26903 0.26684 0.26465 0.26247 0.26028 0.25809 0.2559 0.25372 0.25153 0.24934 0.24716 0.24497 0.24278 0.24059 0.23841 0.23622 0.23403 0.23184 0.22966 0.22747 0.22528 0.2231 0.22091 0.21872 0.21653 0.21435 0.21216 0.20997 0.20779 0.2056 0.20341 0.20122 0.19904 0.19685 0.19466 0.19248 0.19029 0.1881 0.18591 0.18373 0.18154 0.17935 0.17716 0.17498 0.17279 0.1706 0.16842 0.16623 0.16404 0.16185 0.15967 0.15748 0.15529 0.15311 0.15092 0.14873 0.14654 0.14436 0.14217 0.13998 0.13779 0.13561 0.13342 0.13123
