synxflow/IO/sample/debris/DEM.txt
ncols    620
nrows    80
xllcorner    0.000000
yllcorner    0.000000
cellsize    0.025000
NODATA_value    -9999
[rows 32 to 63 of 80, columns 420 to 489 of 620]
0.43526 0.43307 0.43088 0.42869 0.42651 0.42432 0.42213 0.41995 0.41776 0.41557 0.41338 0.4112 0.40901 0.40682 0.40464 0.40245 0.40026 0.39807 0.39589 0.3937 0.39151 0.38932 0.38714 0.38495 0.38276 0.38058 0.37839 0.3762 0.37401 0.37183 0.36964 0.36745 0.36527 0.36308 0.36089 0.3587 0.35652 0.35433 0.35214 0.34995 0.34777 0.34558 0.34339 0.34121 0.33902 0.33683 0.33464 0.33246 0.33027 0.32808 0.3259 0.32371 0.32152 0.31933 0.31715 0.31496 0.31277 0.31058 0.3084 0.30621 0.30402 0.30184 0.29965 0.29746 0.29527 0.29309 0.2909 0.28871 0.28653 0.28434
0.43526 0.43307 0.43088 0.42869 0.42651 0.42432 0.42213 0.41995 0.41776 0.41557 0.41338 0.4112 0.40901 0.40682 0.40464 0.40245 0.40026 0.39807 0.39589 0.3937 0.39151 0.38932 0.38714 0.38495 0.38276 0.38058 0.37839 0.3762 0.37401 0.37183 0.36964 0.36745 0.36527 0.36308 0.36089 0.3587 0.35652 0.35433 0.35214 0.34995 0.34777 0.34558 0.34339 0.34121 0.33902 0.33683 0.33464 0.33246 0.33027 0.32808 0.3259 0.32371 0.32152 0.31933 0.31715 0.31496 0.31277 0.31058 0.3084 0.30621 0.30402 0.30184 0.29965 0.29746 0.29527 0.29309 0.2909 0.28871 0.28653 0.28434
0.43526 0.43307 0.43088 0.42869 0.42651 0.42432 0.42213 0.41995 0.41776 0.41557 0.41338 0.4112 0.40901 0.40682 0.40464 0.40245 0.40026 0.39807 0.39589 0.3937 0.39151 0.38932 0.38714 0.38495 0.38276 0.38058 0.37839 0.3762 0.37401 0.37183 0.36964 0.36745 0.36527 0.36308 0.36089 0.3587 0.35652 0.35433 0.35214 0.34995 0.34777 0.34558 0.34339 0.34121 0.33902 0.33683 0.33464 0.33246 0.33027 0.32808 0.3259 0.32371 0.32152 0.31933 0.31715 0.31496 0.31277 0.31058 0.3084 0.30621 0.30402 0.30184 0.29965 0.29746 0.29527 0.29309 0.2909 0.28871 0.28653 0.28434
0.43526 0.43307 0.43088 0.42869 0.42651 0.42432 0.42213 0.41995 0.41776 0.41557 0.41338 0.4112 0.40901 0.40682 0.40464 0.40245 0.40026 0.39807 0.39589 0.3937 0.39151 0.38932 0.38714 0.38495 0.38276 0.38058 0.37839 0.3762 0.37401 0.37183 0.36964 0.36745 0.36527 0.36308 0.36089 0.3587 0.35652 0.35433 0.35214 0.34995 0.34777 0.34558 0.34339 0.34121 0.33902 0.33683 0.33464 0.33246 0.33027 0.32808 0.3259 0.32371 0.32152 0.31933 0.31715 0.31496 0.31277 0.31058 0.3084 0.30621 0.30402 0.30184 0.29965 0.29746 0.29527 0.29309 0.2909 0.28871 0.28653 0.28434
0.43526 0.43307 0.43088 0.42869 0.42651 0.42432 0.42213 0.41995 0.41776 0.41557 0.41338 0.4112 0.40901 0.40682 0.40464 0.40245 0.40026 0.39807 0.39589 0.3937 0.39151 0.38932 0.38714 0.38495 0.38276 0.38058 0.37839 0.3762 0.37401 0.37183 0.36964 0.36745 0.36527 0.36308 0.36089 0.3587 0.35652 0.35433 0.35214 0.34995 0.34777 0.34558 0.34339 0.34121 0.33902 0.33683 0.33464 0.33246 0.33027 0.32808 0.3259 0.32371 0.32152 0.31933 0.31715 0.31496 0.31277 0.31058 0.3084 0.30621 0.30402 0.30184 0.29965 0.29746 0.29527 0.29309 0.2909 0.28871 0.28653 0.28434
0.43526 0.43307 0.43088 0.42869 0.42651 0.42432 0.42213 0.41995 0.41776 0.41557 0.41338 0.4112 0.40901 0.40682 0.40464 0.40245 0.40026 0.39807 0.39589 0.3937 0.39151 0.38932 0.38714 0.38495 0.38276 0.38058 0.37839 0.3762 0.37401 0.37183 0.36964 0.36745 0.36527 0.36308 0.36089 0.3587 0.35652 0.35433 0.35214 0.34995 0.34777 0.34558 0.34339 0.34121 0.33902 0.33683 0.33464 0.33246 0.33027 0.32808 0.3259 0.32371 0.32152 0.31933 0.31715 0.31496 0.31277 0.31058 0.3084 0.30621 0.30402 0.30184 0.29965 0.29746 0.29527 0.29309 0.2909 0.28871 0.28653 0.28434
0.43526 0.43307 0.43088 0.42869 0.42651 0.42432 0.42213 0.41995 0.41776 0.41557 0.41338 0.4112 0.40901 0.40682 0.40464 0.40245 0.40026 0.39807 0.39589 0.3937 0.39151 0.38932 0.38714 0.38495 0.38276 0.38058 0.37839 0.3762 0.37401 0.37183 0.36964 0.36745 0.36527 0.36308 0.36089 0.3587 0.35652 0.35433 0.35214 0.34995 0.34777 0.34558 0.34339 0.34121 0.33902 0.33683 0.33464 0.33246 0.33027 0.32808 0.3259 0.32371 0.32152 0.31933 0.31715 0.31496 0.31277 0.31058 0.3084 0.30621 0.30402 0.30184 0.29965 0.29746 0.29527 0.29309 0.2909 0.28871 0.28653 0.28434
0.43526 0.43307 0.43088 0.42869 0.42651 0.42432 0.42213 0.41995 0.41776 0.41557 0.41338 0.4112 0.40901 0.40682 0.40464 0.40245 0.40026 0.39807 0.39589 0.3937 0.39151 0.38932 0.38714 0.38495 0.38276 0.38058 0.37839 0.3762 0.37401 0.37183 0.36964 0.36745 0.36527 0.36308 0.36089 0.3587 0.35652 0.35433 0.35214 0.34995 0.34777 0.34558 0.34339 0.34121 0.33902 0.33683 0.33464 0.33246 0.33027 0.32808 0.3259 0.32371 0.32152 0.31933 0.31715 0.31496 0.31277 0.31058 0.3084 0.30621 0.30402 0.30184 0.29965 0.29746 0.29527 0.29309 0.2909 0.28871 0.28653 0.28434
0.43526 0.43307 0.43088 0.42869 0.42651 0.42432 0.42213 0.41995 0.41776 0.41557 0.41338 0.4112 0.40901 0.40682 0.40464 0.40245 0.40026 0.39807 0.39589 0.3937 0.39151 0.38932 0.38714 0.38495 0.38276 0.38058 0.37839 0.3762 0.37401 0.37183 0.36964 0.36745 0.36527 0.36308 0.36089 0.3587 0.35652 0.35433 0.35214 0.34995 0.34777 0.34558 0.34339 0.34121 0.33902 0.33683 0.33464 0.33246 0.33027 0.32808 0.3259 0.32371 0.32152 0.31933 0.31715 0.31496 0.31277 0.31058 0.3084 0.30621 0.30402 0.30184 0.29965 0.29746 0.29527 0.29309 0.2909 0.28871 0.28653 0.28434
0.43526 0.43307 0.43088 0.42869 0.42651 0.42432 0.42213 0.41995 0.41776 0.41557 0.41338 0.4112 0.40901 0.40682 0.40464 0.40245 0.40026 0.39807 0.39589 0.3937 0.39151 0.38932 0.38714 0.38495 0.38276 0.38058 0.37839 0.3762 0.37401 0.37183 0.36964 0.36745 0.36527 0.36308 0.36089 0.3587 0.35652 0.35433 0.35214 0.34995 0.34777 0.34558 0.34339 0.34121 0.33902 0.33683 0.33464 0.33246 0.33027 0.32808 0.3259 0.32371 0.32152 0.31933 0.31715 0.31496 0.31277 0.31058 0.3084 0.30621 0.30402 0.30184 0.29965 0.29746 0.29527 0.29309 0.2909 0.28871 0.28653 0.28434
0.43526 0.43307 0.43088 0.42869 0.42651 0.42432 0.42213 0.41995 0.41776 0.41557 0.41338 0.4112 0.40901 0.40682 0.40464 0.40245 0.40026 0.39807 0.39589 0.3937 0.39151 0.38932 0.38714 0.38495 0.38276 0.38058 0.37839 0.3762 0.37401 0.37183 0.36964 0.36745 0.36527 0.36308 0.36089 0.3587 0.35652 0.35433 0.35214 0.34995 0.34777 0.34558 0.34339 0.34121 0.33902 0.33683 0.33464 0.33246 0.33027 0.32808 0.3259 0.32371 0.32152 0.31933 0.31715 0.31496 0.31277 0.31058 0.3084 0.30621 0.30402 0.30184 0.29965 0.29746 0.29527 0.29309 0.2909 0.28871 0.28653 0.28434
0.43526 0.43307 0.43088 0.42869 0.42651 0.42432 0.42213 0.41995 0.41776 0.41557 0.41338 0.4112 0.40901 0.40682 0.40464 0.40245 0.40026 0.39807 0.39589 0.3937 0.39151 0.38932 0.38714 0.38495 0.38276 0.38058 0.37839 0.3762 0.37401 0.37183 0.36964 0.36745 0.36527 0.36308 0.36089 0.3587 0.35652 0.35433 0.35214 0.34995 0.34777 0.34558 0.34339 0.34121 0.33902 0.33683 0.33464 0.33246 0.33027 0.32808 0.3259 0.32371 0.32152 0.31933 0.31715 0.31496 0.31277 0.31058 0.3084 0.30621 0.30402 0.30184 0.29965 0.29746 0.29527 0.29309 0.2909 0.28871 0.28653 0.28434
0.43526 0.43307 0.43088 0.42869 0.42651 0.42432 0.42213 0.41995 0.41776 0.41557 0.41338 0.4112 0.40901 0.40682 0.40464 0.40245 0.40026 0.39807 0.39589 0.3937 0.39151 0.38932 0.38714 0.38495 0.38276 0.38058 0.37839 0.3762 0.37401 0.37183 0.36964 0.36745 0.36527 0.36308 0.36089 0.3587 0.35652 0.35433 0.35214 0.34995 0.34777 0.34558 0.34339 0.34121 0.33902 0.33683 0.33464 0.33246 0.33027 0.32808 0.3259 0.32371 0.32152 0.31933 0.31715 0.31496 0.31277 0.31058 0.3084 0.30621 0.30402 0.30184 0.29965 0.29746 0.29527 0.29309 0.2909 0.28871 0.28653 0.28434
0.43526 0.43307 0.43088 0.42869 0.42651 0.42432 0.42213 0.41995 0.41776 0.41557 0.41338 0.4112 0.40901 0.40682 0.40464 0.40245 0.40026 0.39807 0.39589 0.3937 0.39151 0.38932 0.38714 0.38495 0.38276 0.38058 0.37839 0.3762 0.37401 0.37183 0.36964 0.36745 0.36527 0.36308 0.36089 0.3587 0.35652 0.35433 0.35214 0.34995 0.34777 0.34558 0.34339 0.34121 0.33902 0.33683 0.33464 0.33246 0.33027 0.32808 0.3259 0.32371 0.32152 0.31933 0.31715 0.31496 0.31277 0.31058 0.3084 0.30621 0.30402 0.30184 0.29965 0.29746 0.29527 0.29309 0.2909 0.28871 0.28653 0.28434
0.43526 0.43307 0.43088 0.42869 0.42651 0.42432 0.42213 0.41995 0.41776 0.41557 0.41338 0.4112 0.40901 0.40682 0.40464 0.40245 0.40026 0.39807 0.39589 0.3937 0.39151 0.38932 0.38714 0.38495 0.38276 0.38058 0.37839 0.3762 0.37401 0.37183 0.36964 0.36745 0.36527 0.36308 0.36089 0.3587 0.35652 0.35433 0.35214 0.34995 0.34777 0.34558 0.34339 0.34121 0.33902 0.33683 0.33464 0.33246 0.33027 0.32808 0.3259 0.32371 0.32152 0.31933 0.31715 0.31496 0.31277 0.31058 0.3084 0.30621 0.30402 0.30184 0.29965 0.29746 0.29527 0.29309 0.2909 0.28871 0.28653 0.28434
0.43526 0.43307 0.43088 0.42869 0.42651 0.42432 0.42213 0.41995 0.41776 0.41557 0.41338 0.4112 0.40901 0.40682 0.40464 0.40245 0.40026 0.39807 0.39589 0.3937 0.39151 0.38932 0.38714 0.38495 0.38276 0.38058 0.37839 0.3762 0.37401 0.37183 0.36964 0.36745 0.36527 0.36308 0.36089 0.3587 0.35652 0.35433 0.35214 0.34995 0.34777 0.34558 0.34339 0.34121 0.33902 0.33683 0.33464 0.33246 0.33027 0.32808 0.3259 0.32371 0.32152 0.31933 0.31715 0.31496 0.31277 0.31058 0.3084 0.30621 0.30402 0.30184 0.29965 0.29746 0.29527 0.29309 0.2909 0.28871 0.28653 0.28434
0.43526 0.43307 0.43088 0.42869 0.42651 0.42432 0.42213 0.41995 0.41776 0.41557 0.41338 0.4112 0.40901 0.40682 0.40464 0.40245 0.40026 0.39807 0.39589 0.3937 0.39151 0.38932 0.38714 0.38495 0.38276 0.38058 0.37839 0.3762 0.37401 0.37183 0.36964 0.36745 0.36527 0.36308 0.36089 0.3587 0.35652 0.35433 0.35214 0.34995 0.34777 0.34558 0.34339 0.34121 0.33902 0.33683 0.33464 0.33246 0.33027 0.32808 0.3259 0.32371 0.32152 0.31933 0.31715 0.31496 0.31277 0.31058 0.3084 0.30621 0.30402 0.30184 0.29965 0.29746 0.29527 0.29309 0.2909 0.28871 0.28653 0.28434
0.43526 0.43307 0.43088 0.42869 0.42651 0.42432 0.42213 0.41995 0.41776 0.41557 0.41338 0.4112 0.40901 0.40682 0.40464 0.40245 0.40026 0.39807 0.39589 0.3937 0.39151 0.38932 0.38714 0.38495 0.38276 0.38058 0.37839 0.3762 0.37401 0.37183 0.36964 0.36745 0.36527 0.36308 0.36089 0.3587 0.35652 0.35433 0.35214 0.34995 0.34777 0.34558 0.34339 0.34121 0.33902 0.33683 0.33464 0.33246 0.33027 0.32808 0.3259 0.32371 0.32152 0.31933 0.31715 0.31496 0.31277 0.31058 0.3084 0.30621 0.30402 0.30184 0.29965 0.29746 0.29527 0.29309 0.2909 0.28871 0.28653 0.28434
0.43526 0.43307 0.43088 0.42869 0.42651 0.42432 0.42213 0.41995 0.41776 0.41557 0.41338 0.4112 0.40901 0.40682 0.40464 0.40245 0.40026 0.39807 0.39589 0.3937 0.39151 0.38932 0.38714 0.38495 0.38276 0.38058 0.37839 0.3762 0.37401 0.37183 0.36964 0.36745 0.36527 0.36308 0.36089 0.3587 0.35652 0.35433 0.35214 0.34995 0.34777 0.34558 0.34339 0.34121 0.33902 0.33683 0.33464 0.33246 0.33027 0.32808 0.3259 0.32371 0.32152 0.31933 0.31715 0.31496 0.31277 0.31058 0.3084 0.30621 0.30402 0.30184 0.29965 0.29746 0.29527 0.29309 0.2909 0.28871 0.28653 0.28434
0.43526 0.43307 0.43088 0.42869 0.42651 0.42432 0.42213 0.41995 0.41776 0.41557 0.41338 0.4112 0.40901 0.40682 0.40464 0.40245 0.40026 0.39807 0.39589 0.3937 0.39151 0.38932 0.38714 0.38495 0.38276 0.38058 0.37839 0.3762 0.37401 0.37183 0.36964 0.36745 0.36527 0.36308 0.36089 0.3587 0.35652 0.35433 0.35214 0.34995 0.34777 0.34558 0.34339 0.34121 0.33902 0.33683 0.33464 0.33246 0.33027 0.32808 0.3259 0.32371 0.32152 0.31933 0.31715 0.31496 0.31277 0.31058 0.3084 0.30621 0.30402 0.30184 0.29965 0.29746 0.29527 0.29309 0.2909 0.28871 0.28653 0.28434
0.43526 0.43307 0.43088 0.42869 0.42651 0.42432 0.42213 0.41995 0.41776 0.41557 0.41338 0.4112 0.40901 0.40682 0.40464 0.40245 0.40026 0.39807 0.39589 0.3937 0.39151 0.38932 0.38714 0.38495 0.38276 0.38058 0.37839 0.3762 0.37401 0.37183 0.36964 0.36745 0.36527 0.36308 0.36089 0.3587 0.35652 0.35433 0.35214 0.34995 0.34777 0.34558 0.34339 0.34121 0.33902 0.33683 0.33464 0.33246 0.33027 0.32808 0.3259 0.32371 0.32152 0.31933 0.31715 0.31496 0.31277 0.31058 0.3084 0.30621 0.30402 0.30184 0.29965 0.29746 0.29527 0.29309 0.2909 0.28871 0.28653 0.28434
0.43526 0.43307 0.43088 0.42869 0.42651 0.42432 0.42213 0.41995 0.41776 0.41557 0.41338 0.4112 0.40901 0.40682 0.40464 0.40245 0.40026 0.39807 0.39589 0.3937 0.39151 0.38932 0.38714 0.38495 0.38276 0.38058 0.37839 0.3762 0.37401 0.37183 0.36964 0.36745 0.36527 0.36308 0.36089 0.3587 0.35652 0.35433 0.35214 0.34995 0.34777 0.34558 0.34339 0.34121 0.33902 0.33683 0.33464 0.33246 0.33027 0.32808 0.3259 0.32371 0.32152 0.31933 0.31715 0.31496 0.31277 0.31058 0.3084 0.30621 0.30402 0.30184 0.29965 0.29746 0.29527 0.29309 0.2909 0.28871 0.28653 0.28434
0.43526 0.43307 0.43088 0.42869 0.42651 0.42432 0.42213 0.41995 0.41776 0.41557 0.41338 0.4112 0.40901 0.40682 0.40464 0.40245 0.40026 0.39807 0.39589 0.3937 0.39151 0.38932 0.38714 0.38495 0.38276 0.38058 0.37839 0.3762 0.37401 0.37183 0.36964 0.36745 0.36527 0.36308 0.36089 0.3587 0.35652 0.35433 0.35214 0.34995 0.34777 0.34558 0.34339 0.34121 0.33902 0.33683 0.33464 0.33246 0.33027 0.32808 0.3259 0.32371 0.32152 0.31933 0.31715 0.31496 0.31277 0.31058 0.3084 0.30621 0.30402 0.30184 0.29965 0.29746 0.29527 0.29309 0.2909 0.28871 0.28653 0.28434
0.43526 0.43307 0.43088 0.42869 0.42651 0.42432 0.42213 0.41995 0.41776 0.41557 0.41338 0.4112 0.40901 0.40682 0.40464 0.40245 0.40026 0.39807 0.39589 0.3937 0.39151 0.38932 0.38714 0.38495 0.38276 0.38058 0.37839 0.3762 0.37401 0.37183 0.36964 0.36745 0.36527 0.36308 0.36089 0.3587 0.35652 0.35433 0.35214 0.34995 0.34777 0.34558 0.34339 0.34121 0.33902 0.33683 0.33464 0.33246 0.33027 0.32808 0.3259 0.32371 0.32152 0.31933 0.31715 0.31496 0.31277 0.31058 0.3084 0.30621 0.30402 0.30184 0.29965 0.29746 0.29527 0.29309 0.2909 0.28871 0.28653 0.28434
0.43526 0.43307 0.43088 0.42869 0.42651 0.42432 0.42213 0.41995 0.41776 0.41557 0.41338 0.4112 0.40901 0.40682 0.40464 0.40245 0.40026 0.39807 0.39589 0.3937 0.39151 0.38932 0.38714 0.38495 0.38276 0.38058 0.37839 0.3762 0.37401 0.37183 0.36964 0.36745 0.36527 0.36308 0.36089 0.3587 0.35652 0.35433 0.35214 0.34995 0.34777 0.34558 0.34339 0.34121 0.33902 0.33683 0.33464 0.33246 0.33027 0.32808 0.3259 0.32371 0.32152 0.31933 0.31715 0.31496 0.31277 0.31058 0.3084 0.30621 0.30402 0.30184 0.29965 0.29746 0.29527 0.29309 0.2909 0.28871 0.28653 0.28434
0.43526 0.43307 0.43088 0.42869 0.42651 0.42432 0.42213 0.41995 0.41776 0.41557 0.41338 0.4112 0.40901 0.40682 0.40464 0.40245 0.40026 0.39807 0.39589 0.3937 0.39151 0.38932 0.38714 0.38495 0.38276 0.38058 0.37839 0.3762 0.37401 0.37183 0.36964 0.36745 0.36527 0.36308 0.36089 0.3587 0.35652 0.35433 0.35214 0.34995 0.34777 0.34558 0.34339 0.34121 0.33902 0.33683 0.33464 0.33246 0.33027 0.32808 0.3259 0.32371 0.32152 0.31933 0.31715 0.31496 0.31277 0.31058 0.3084 0.30621 0.30402 0.30184 0.29965 0.29746 0.29527 0.29309 0.2909 0.28871 0.28653 0.28434
0.43526 0.43307 0.43088 0.42869 0.42651 0.42432 0.42213 0.41995 0.41776 0.41557 0.41338 0.4112 0.40901 0.40682 0.40464 0.40245 0.40026 0.39807 0.39589 0.3937 0.39151 0.38932 0.38714 0.38495 0.38276 0.38058 0.37839 0.3762 0.37401 0.37183 0.36964 0.36745 0.36527 0.36308 0.36089 0.3587 0.35652 0.35433 0.35214 0.34995 0.34777 0.34558 0.34339 0.34121 0.33902 0.33683 0.33464 0.33246 0.33027 0.32808 0.3259 0.32371 0.32152 0.31933 0.31715 0.31496 0.31277 0.31058 0.3084 0.30621 0.30402 0.30184 0.29965 0.29746 0.29527 0.29309 0.2909 0.28871 0.28653 0.28434
0.43526 0.43307 0.43088 0.42869 0.42651 0.42432 0.42213 0.41995 0.41776 0.41557 0.41338 0.4112 0.40901 0.40682 0.40464 0.40245 0.40026 0.39807 0.39589 0.3937 0.39151 0.38932 0.38714 0.38495 0.38276 0.38058 0.37839 0.3762 0.37401 0.37183 0.36964 0.36745 0.36527 0.36308 0.36089 0.3587 0.35652 0.35433 0.35214 0.34995 0.34777 0.34558 0.34339 0.34121 0.33902 0.33683 0.33464 0.33246 0.33027 0.32808 0.3259 0.32371 0.32152 0.31933 0.31715 0.31496 0.31277 0.31058 0.3084 0.30621 0.30402 0.30184 0.29965 0.29746 0.29527 0.29309 0.2909 0.28871 0.28653 0.28434
0.43526 0.43307 0.43088 0.42869 0.42651 0.42432 0.42213 0.41995 0.41776 0.41557 0.41338 0.4112 0.40901 0.40682 0.40464 0.40245 0.40026 0.39807 0.39589 0.3937 0.39151 0.38932 0.38714 0.38495 0.38276 0.38058 0.37839 0.3762 0.37401 0.37183 0.36964 0.36745 0.36527 0.36308 0.36089 0.3587 0.35652 0.35433 0.35214 0.34995 0.34777 0.34558 0.34339 0.34121 0.33902 0.33683 0.33464 0.33246 0.33027 0.32808 0.3259 0.32371 0.32152 0.31933 0.31715 0.31496 0.31277 0.31058 0.3084 0.30621 0.30402 0.30184 0.29965 0.29746 0.29527 0.29309 0.2909 0.28871 0.28653 0.28434
0.43526 0.43307 0.43088 0.42869 0.42651 0.42432 0.42213 0.41995 0.41776 0.41557 0.41338 0.4112 0.40901 0.40682 0.40464 0.40245 0.40026 0.39807 0.39589 0.3937 0.39151 0.38932 0.38714 0.38495 0.38276 0.38058 0.37839 0.3762 0.37401 0.37183 0.36964 0.36745 0.36527 0.36308 0.36089 0.3587 0.35652 0.35433 0.35214 0.34995 0.34777 0.34558 0.34339 0.34121 0.33902 0.33683 0.33464 0.33246 0.33027 0.32808 0.3259 0.32371 0.32152 0.31933 0.31715 0.31496 0.31277 0.31058 0.3084 0.30621 0.30402 0.30184 0.29965 0.29746 0.29527 0.29309 0.2909 0.28871 0.28653 0.28434
0.43526 0.43307 0.43088 0.42869 0.42651 0.42432 0.42213 0.41995 0.41776 0.41557 0.41338 0.4112 0.40901 0.40682 0.40464 0.40245 0.40026 0.39807 0.39589 0.3937 0.39151 0.38932 0.38714 0.38495 0.38276 0.38058 0.37839 0.3762 0.37401 0.37183 0.36964 0.36745 0.36527 0.36308 0.36089 0.3587 0.35652 0.35433 0.35214 0.34995 0.34777 0.34558 0.34339 0.34121 0.33902 0.33683 0.33464 0.33246 0.33027 0.32808 0.3259 0.32371 0.32152 0.31933 0.31715 0.31496 0.31277 0.31058 0.3084 0.30621 0.30402 0.30184 0.29965 0.29746 0.29527 0.29309 0.2909 0.28871 0.28653 0.28434
0.43526 0.43307 0.43088 0.42869 0.42651 0.42432 0.42213 0.41995 0.41776 0.41557 0.41338 0.4112 0.40901 0.40682 0.40464 0.40245 0.40026 0.39807 0.39589 0.3937 0.39151 0.38932 0.38714 0.38495 0.38276 0.38058 0.37839 0.3762 0.37401 0.37183 0.36964 0.36745 0.36527 0.36308 0.36089 0.3587 0.35652 0.35433 0.35214 0.34995 0.34777 0.34558 0.34339 0.34121 0.33902 0.33683 0.33464 0.33246 0.33027 0.32808 0.3259 0.32371 0.32152 0.31933 0.31715 0.31496 0.31277 0.31058 0.3084 0.30621 0.30402 0.30184 0.29965 0.29746 0.29527 0.29309 0.2909 0.28871 0.28653 0.28434
